Some((
    red: 0.7448172,
    green: 0.8720466,
    blue: 1.0,
    alpha: 1.0,
))