Some((
    red: 0.84705883,
    green: 0.87058824,
    blue: 0.9137255,
))