Some((
    red: 0.56078434,
    green: 0.7372549,
    blue: 0.73333335,
))