Some((
    red: 0.5058824,
    green: 0.6313726,
    blue: 0.75686276,
))