Some((
    red: 0.18039216,
    green: 0.20392157,
    blue: 0.2509804,
    alpha: 1.0,
))