Some((
    red: 0.23137255,
    green: 0.25882354,
    blue: 0.32156864,
    alpha: 1.0,
))