Some((
    red: 0.9254902,
    green: 0.9372549,
    blue: 0.95686275,
))